1284
0 L 5 226 1
0 D 0 226 1
0 L 3 183 1
0 D 0 183 1
0 L 2 6 1
0 D 0 6 1
0 L 5 220 1
0 D 0 220 1
0 L 0 299 1
0 D 0 299 1
0 L 0 280 1
0 D 0 280 1
0 L 0 12 1
0 D 0 12 1
0 L 0 42 1
0 D 0 42 1
1 L 0 163 1
1 D 1 163 1
2 L 1 192 1
2 D 2 192 1
2 L 0 81 1
2 D 2 81 1
3 L 0 270 1
3 D 3 270 1
3 L 7 305 1
3 D 3 305 1
3 L 0 111 1
3 D 3 111 1
3 L 1 37 1
3 D 3 37 1
3 L 0 219 1
3 D 3 219 1
3 L 0 111 1
3 D 3 111 1
3 L 0 96 1
3 D 3 96 1
3 L 0 290 1
3 D 3 290 1
3 L 0 377 1
3 D 3 377 1
3 L 2 113 1
3 D 3 113 1
4 L 0 169 1
4 D 4 169 1
4 L 0 146 1
4 D 4 146 1
4 L 0 397 1
4 D 4 397 1
4 L 0 263 1
4 D 4 263 1
4 L 0 342 1
4 D 4 342 1
4 L 0 275 1
4 D 4 275 1
4 L 4 18 1
4 D 4 18 1
4 L 0 26 1
4 D 4 26 1
5 L 2 372 1
5 D 5 372 1
5 L 6 165 1
5 D 5 165 1
5 L 9 338 1
5 D 5 338 1