1248
0 L 0 785 1
0 D 0 785 1
0 L 0 121 1
0 D 0 121 1
0 L 0 634 1
0 D 0 634 1
0 L 0 805 1
0 D 0 805 1
0 L 0 38 1
0 D 0 38 1
1 L 0 794 1
1 D 1 794 1
1 L 0 218 1
1 D 1 218 1
1 L 0 247 1
1 D 1 247 1
1 L 0 500 1
1 D 1 500 1
1 L 0 963 1
1 D 1 963 1
1 L 0 782 1
1 D 1 782 1
2 L 0 577 1
2 D 2 577 1
2 L 0 385 1
2 D 2 385 1
2 L 0 835 1
2 D 2 835 1
2 L 0 115 1
2 D 2 115 1
2 L 0 491 1
2 D 2 491 1
2 L 0 946 1
2 D 2 946 1
2 L 0 920 1
2 D 2 920 1
2 L 0 702 1
2 D 2 702 1
2 L 0 803 1
2 D 2 803 1
2 L 0 738 1
2 D 2 738 1
2 L 0 57 1
2 D 2 57 1
2 L 0 955 1
2 D 2 955 1
2 L 0 538 1
2 D 2 538 1
2 L 0 252 1
2 D 2 252 1
2 L 0 181 1
2 D 2 181 1
3 L 0 642 1
3 D 3 642 1
3 L 0 961 1
3 D 3 961 1
4 L 0 736 1
4 D 4 736 1
4 L 0 862 1
4 D 4 862 1
4 L 0 349 1
4 D 4 349 1
4 L 0 825 1
4 D 4 825 1
5 L 0 981 1
5 D 5 981 1
5 L 0 876 1
5 D 5 876 1
5 L 0 688 1
5 D 5 688 1
5 L 0 8 1
5 D 5 8 1
5 L 0 597 1
5 D 5 597 1
5 L 0 476 1
5 D 5 476 1
6 L 0 373 1
6 D 6 373 1
6 L 0 85 1
6 D 6 85 1
6 L 0 142 1
6 D 6 142 1
6 L 0 303 1
6 D 6 303 1
6 L 0 52 1
6 D 6 52 1
6 L 0 458 1
6 D 6 458 1
6 L 0 851 1
6 D 6 851 1
6 L 0 607 1
6 D 6 607 1
7 L 0 597 1
7 D 7 597 1
7 L 0 336 1
7 D 7 336 1
7 L 0 51 1
7 D 7 51 1
7 L 0 72 1
7 D 7 72 1
7 L 0 573 1
7 D 7 573 1
7 L 0 616 1
7 D 7 616 1
7 L 0 297 1
7 D 7 297 1
7 L 0 739 1
7 D 7 739 1
8 L 0 491 1
8 D 8 491 1
8 L 0 401 1
8 D 8 401 1
8 L 0 858 1
8 D 8 858 1
8 L 0 987 1
8 D 8 987 1
9 L 0 242 1
9 D 9 242 1
9 L 0 119 1
9 D 9 119 1
9 L 0 756 1
9 D 9 756 1
9 L 0 237 1
9 D 9 237 1
9 L 0 129 1
9 D 9 129 1
9 L 0 427 1
9 D 9 427 1
9 L 0 941 1
9 D 9 941 1
9 L 0 501 1
9 D 9 501 1
9 L 0 787 1
9 D 9 787 1
9 L 0 970 1
9 D 9 970 1
9 L 0 522 1
9 D 9 522 1
9 L 0 864 1
9 D 9 864 1
9 L 0 242 1
9 D 9 242 1
9 L 0 822 1
9 D 9 822 1
9 L 0 538 1
9 D 9 538 1
9 L 0 486 1
9 D 9 486 1
9 L 0 138 1
9 D 9 138 1
10 L 0 869 1
10 D 10 869 1
10 L 0 404 1
10 D 10 404 1
10 L 0 787 1
10 D 10 787 1
10 L 0 404 1
10 D 10 404 1
10 L 0 758 1
10 D 10 758 1
10 L 0 286 1
10 D 10 286 1
10 L 0 572 1
10 D 10 572 1
10 L 0 617 1
10 D 10 617 1
10 L 0 564 1
10 D 10 564 1
10 L 0 589 1
10 D 10 589 1
11 L 0 982 1
11 D 11 982 1
11 L 0 653 1
11 D 11 653 1
11 L 0 133 1
11 D 11 133 1
11 L 0 856 1
11 D 11 856 1
12 L 0 502 1
12 D 12 502 1
12 L 0 532 1
12 D 12 532 1
12 L 0 431 1
12 D 12 431 1
13 L 0 788 1
13 D 13 788 1
13 L 0 372 1
13 D 13 372 1
13 L 0 28 1
13 D 13 28 1
13 L 0 275 1
13 D 13 275 1
13 L 0 68 1
13 D 13 68 1
13 L 0 663 1
13 D 13 663 1
14 L 0 468 1
14 D 14 468 1
14 L 0 388 1
14 D 14 388 1
14 L 0 107 1
14 D 14 107 1
14 L 0 584 1
14 D 14 584 1
14 L 0 688 1
14 D 14 688 1
14 L 0 283 1
14 D 14 283 1
14 L 0 846 1
14 D 14 846 1
14 L 0 897 1
14 D 14 897 1
14 L 0 988 1
14 D 14 988 1
14 L 0 292 1
14 D 14 292 1
14 L 0 827 1
14 D 14 827 1
14 L 0 655 1
14 D 14 655 1
15 L 0 159 1
15 D 15 159 1
15 L 0 78 1
15 D 15 78 1
15 L 0 985 1
15 D 15 985 1
15 L 0 723 1
15 D 15 723 1
15 L 0 764 1
15 D 15 764 1
15 L 0 937 1
15 D 15 937 1
15 L 0 14 1
15 D 15 14 1
15 L 0 646 1
15 D 15 646 1
15 L 0 790 1
15 D 15 790 1
15 L 0 413 1
15 D 15 413 1
15 L 0 786 1
15 D 15 786 1
15 L 0 906 1
15 D 15 906 1
15 L 0 926 1
15 D 15 926 1
15 L 0 286 1
15 D 15 286 1
15 L 0 50 1
15 D 15 50 1
16 L 0 266 1
16 D 16 266 1
16 L 0 931 1
16 D 16 931 1
17 L 0 163 1
17 D 17 163 1
17 L 0 362 1
17 D 17 362 1
18 L 0 922 1
18 D 18 922 1
18 L 0 600 1
18 D 18 600 1
18 L 0 221 1
18 D 18 221 1
18 L 0 947 1
18 D 18 947 1
18 L 0 119 1
18 D 18 119 1
18 L 0 193 1
18 D 18 193 1
18 L 0 367 1
18 D 18 367 1
18 L 0 772 1
18 D 18 772 1
18 L 0 127 1
18 D 18 127 1
18 L 0 229 1
18 D 18 229 1
19 L 0 259 1
19 D 19 259 1
19 L 0 964 1
19 D 19 964 1
19 L 0 623 1
19 D 19 623 1
19 L 0 83 1
19 D 19 83 1
19 L 0 47 1
19 D 19 47 1
19 L 0 414 1
19 D 19 414 1
0 L 0 48 1
0 D 20 48 1
1 L 0 66 1
1 D 21 66 1
1 L 0 107 1
1 D 21 107 1
1 L 0 780 1
1 D 21 780 1
1 L 0 779 1
1 D 21 779 1
2 L 0 883 1
2 D 22 883 1
2 L 0 144 1
2 D 22 144 1
2 L 0 17 1
2 D 22 17 1
2 L 0 481 1
2 D 22 481 1
2 L 0 537 1
2 D 22 537 1
2 L 0 164 1
2 D 22 164 1
2 L 0 573 1
2 D 22 573 1
2 L 0 322 1
2 D 22 322 1
2 L 0 30 1
2 D 22 30 1
2 L 0 116 1
2 D 22 116 1
2 L 0 439 1
2 D 22 439 1
2 L 0 615 1
2 D 22 615 1
3 L 0 652 1
3 D 23 652 1
3 L 0 426 1
3 D 23 426 1
3 L 0 915 1
3 D 23 915 1
3 L 0 459 1
3 D 23 459 1
3 L 0 961 1
3 D 23 961 1
3 L 0 440 1
3 D 23 440 1
3 L 0 489 1
3 D 23 489 1
3 L 0 778 1
3 D 23 778 1
3 L 0 414 1
3 D 23 414 1
3 L 0 221 1
3 D 23 221 1
3 L 0 474 1
3 D 23 474 1
3 L 0 438 1
3 D 23 438 1
3 L 0 724 1
3 D 23 724 1
3 L 0 775 1
3 D 23 775 1
3 L 0 788 1
3 D 23 788 1
3 L 0 614 1
3 D 23 614 1
3 L 0 855 1
3 D 23 855 1
4 L 0 899 1
4 D 24 899 1
4 L 0 971 1
4 D 24 971 1
4 L 0 961 1
4 D 24 961 1
4 L 0 52 1
4 D 24 52 1
4 L 0 688 1
4 D 24 688 1
5 L 0 872 1
5 D 25 872 1
5 L 0 616 1
5 D 25 616 1
5 L 0 111 1
5 D 25 111 1
5 L 0 360 1
5 D 25 360 1
5 L 0 937 1
5 D 25 937 1
6 L 0 680 1
6 D 26 680 1
6 L 0 679 1
6 D 26 679 1
6 L 0 879 1
6 D 26 879 1
6 L 0 950 1
6 D 26 950 1
6 L 0 14 1
6 D 26 14 1
6 L 0 583 1
6 D 26 583 1
6 L 0 563 1
6 D 26 563 1
6 L 0 501 1
6 D 26 501 1
6 L 0 780 1
6 D 26 780 1
6 L 0 346 1
6 D 26 346 1
6 L 0 563 1
6 D 26 563 1
6 L 0 302 1
6 D 26 302 1
6 L 0 367 1
6 D 26 367 1
6 L 0 651 1
6 D 26 651 1
7 L 0 104 1
7 D 27 104 1
7 L 0 598 1
7 D 27 598 1
7 L 0 406 1
7 D 27 406 1
7 L 0 616 1
7 D 27 616 1
7 L 0 199 1
7 D 27 199 1
8 L 0 345 1
8 D 28 345 1
8 L 0 740 1
8 D 28 740 1
8 L 0 727 1
8 D 28 727 1
8 L 0 975 1
8 D 28 975 1
8 L 0 963 1
8 D 28 963 1
8 L 0 929 1
8 D 28 929 1
8 L 0 139 1
8 D 28 139 1
8 L 0 595 1
8 D 28 595 1
8 L 0 495 1
8 D 28 495 1
8 L 0 239 1
8 D 28 239 1
8 L 0 964 1
8 D 28 964 1
8 L 0 802 1
8 D 28 802 1
8 L 0 549 1
8 D 28 549 1
9 L 0 210 1
9 D 29 210 1
9 L 0 55 1
9 D 29 55 1
9 L 0 223 1
9 D 29 223 1
9 L 0 30 1
9 D 29 30 1
9 L 0 105 1
9 D 29 105 1
9 L 0 863 1
9 D 29 863 1
9 L 0 787 1
9 D 29 787 1
10 L 0 733 1
10 D 30 733 1
10 L 0 927 1
10 D 30 927 1
10 L 0 840 1
10 D 30 840 1
10 L 0 142 1
10 D 30 142 1
10 L 0 929 1
10 D 30 929 1
10 L 0 446 1
10 D 30 446 1
10 L 0 614 1
10 D 30 614 1
10 L 0 827 1
10 D 30 827 1
10 L 0 600 1
10 D 30 600 1
11 L 0 930 1
11 D 31 930 1
11 L 0 687 1
11 D 31 687 1
11 L 0 880 1
11 D 31 880 1
11 L 0 85 1
11 D 31 85 1
11 L 0 891 1
11 D 31 891 1
11 L 0 879 1
11 D 31 879 1
12 L 0 836 1
12 D 32 836 1
12 L 0 774 1
12 D 32 774 1
12 L 0 237 1
12 D 32 237 1
12 L 0 314 1
12 D 32 314 1
12 L 0 693 1
12 D 32 693 1
13 L 0 862 1
13 D 33 862 1
13 L 0 422 1
13 D 33 422 1
13 L 0 553 1
13 D 33 553 1
13 L 0 490 1
13 D 33 490 1
13 L 0 719 1
13 D 33 719 1
13 L 0 305 1
13 D 33 305 1
13 L 0 562 1
13 D 33 562 1
13 L 0 927 1
13 D 33 927 1
13 L 0 854 1
13 D 33 854 1
14 L 0 787 1
14 D 34 787 1
14 L 0 89 1
14 D 34 89 1
14 L 0 438 1
14 D 34 438 1
14 L 0 509 1
14 D 34 509 1
14 L 0 893 1
14 D 34 893 1
15 L 0 780 1
15 D 35 780 1
15 L 0 965 1
15 D 35 965 1
15 L 0 845 1
15 D 35 845 1
15 L 0 753 1
15 D 35 753 1
15 L 0 787 1
15 D 35 787 1
15 L 0 970 1
15 D 35 970 1
15 L 0 455 1
15 D 35 455 1
15 L 0 525 1
15 D 35 525 1
15 L 0 411 1
15 D 35 411 1
15 L 0 587 1
15 D 35 587 1
15 L 0 326 1
15 D 35 326 1
15 L 0 338 1
15 D 35 338 1
15 L 0 622 1
15 D 35 622 1
15 L 0 925 1
15 D 35 925 1
15 L 0 75 1
15 D 35 75 1
16 L 0 384 1
16 D 36 384 1
16 L 0 736 1
16 D 36 736 1
16 L 0 741 1
16 D 36 741 1
16 L 0 384 1
16 D 36 384 1
16 L 0 484 1
16 D 36 484 1
16 L 0 609 1
16 D 36 609 1
16 L 0 30 1
16 D 36 30 1
16 L 0 51 1
16 D 36 51 1
16 L 0 104 1
16 D 36 104 1
16 L 0 536 1
16 D 36 536 1
16 L 0 600 1
16 D 36 600 1
16 L 0 648 1
16 D 36 648 1
16 L 0 338 1
16 D 36 338 1
16 L 0 139 1
16 D 36 139 1
16 L 0 427 1
16 D 36 427 1
17 L 0 319 1
17 D 37 319 1
17 L 0 995 1
17 D 37 995 1
17 L 0 48 1
17 D 37 48 1
17 L 0 935 1
17 D 37 935 1
17 L 0 45 1
17 D 37 45 1
17 L 0 967 1
17 D 37 967 1
17 L 0 486 1
17 D 37 486 1
17 L 0 684 1
17 D 37 684 1
17 L 0 262 1
17 D 37 262 1
17 L 0 758 1
17 D 37 758 1
18 L 0 49 1
18 D 38 49 1
18 L 0 326 1
18 D 38 326 1
19 L 0 221 1
19 D 39 221 1
19 L 0 365 1
19 D 39 365 1
19 L 0 221 1
19 D 39 221 1
19 L 0 411 1
19 D 39 411 1
19 L 0 476 1
19 D 39 476 1
19 L 0 512 1
19 D 39 512 1
19 L 0 77 1
19 D 39 77 1
19 L 0 907 1
19 D 39 907 1
19 L 0 129 1
19 D 39 129 1
0 L 0 183 1
0 D 40 183 1
0 L 0 795 1
0 D 40 795 1
0 L 0 86 1
0 D 40 86 1
0 L 0 824 1
0 D 40 824 1
0 L 0 684 1
0 D 40 684 1
0 L 0 130 1
0 D 40 130 1
0 L 0 445 1
0 D 40 445 1
0 L 0 772 1
0 D 40 772 1
0 L 0 215 1
0 D 40 215 1
0 L 0 512 1
0 D 40 512 1
0 L 0 388 1
0 D 40 388 1
0 L 0 305 1
0 D 40 305 1
0 L 0 962 1
0 D 40 962 1
1 L 0 426 1
1 D 41 426 1
1 L 0 97 1
1 D 41 97 1
1 L 0 175 1
1 D 41 175 1
1 L 0 613 1
1 D 41 613 1
1 L 0 388 1
1 D 41 388 1
2 L 0 979 1
2 D 42 979 1
2 L 0 809 1
2 D 42 809 1
2 L 0 561 1
2 D 42 561 1
2 L 0 741 1
2 D 42 741 1
3 L 0 277 1
3 D 43 277 1
3 L 0 188 1
3 D 43 188 1
3 L 0 802 1
3 D 43 802 1
3 L 0 355 1
3 D 43 355 1
3 L 0 79 1
3 D 43 79 1
3 L 0 789 1
3 D 43 789 1
3 L 0 964 1
3 D 43 964 1
3 L 0 943 1
3 D 43 943 1
3 L 0 583 1
3 D 43 583 1
3 L 0 786 1
3 D 43 786 1
3 L 0 41 1
3 D 43 41 1
3 L 0 694 1
3 D 43 694 1
3 L 0 225 1
3 D 43 225 1
3 L 0 41 1
3 D 43 41 1
3 L 0 195 1
3 D 43 195 1
4 L 0 403 1
4 D 44 403 1
4 L 0 398 1
4 D 44 398 1
4 L 0 405 1
4 D 44 405 1
4 L 0 474 1
4 D 44 474 1
4 L 0 109 1
4 D 44 109 1
4 L 0 935 1
4 D 44 935 1
4 L 0 835 1
4 D 44 835 1
4 L 0 41 1
4 D 44 41 1
5 L 0 387 1
5 D 45 387 1
5 L 0 312 1
5 D 45 312 1
5 L 0 371 1
5 D 45 371 1
5 L 0 97 1
5 D 45 97 1
5 L 0 674 1
5 D 45 674 1
5 L 0 198 1
5 D 45 198 1
5 L 0 121 1
5 D 45 121 1
6 L 0 857 1
6 D 46 857 1
6 L 0 441 1
6 D 46 441 1
6 L 0 773 1
6 D 46 773 1
7 L 0 66 1
7 D 47 66 1
7 L 0 315 1
7 D 47 315 1
7 L 0 270 1
7 D 47 270 1
7 L 0 220 1
7 D 47 220 1
7 L 0 693 1
7 D 47 693 1
8 L 0 970 1
8 D 48 970 1
8 L 0 802 1
8 D 48 802 1
8 L 0 893 1
8 D 48 893 1
8 L 0 850 1
8 D 48 850 1
8 L 0 290 1
8 D 48 290 1
8 L 0 992 1
8 D 48 992 1
8 L 0 349 1
8 D 48 349 1
8 L 0 202 1
8 D 48 202 1
8 L 0 673 1
8 D 48 673 1
8 L 0 537 1
8 D 48 537 1
8 L 0 758 1
8 D 48 758 1
8 L 0 845 1
8 D 48 845 1
8 L 0 286 1
8 D 48 286 1
8 L 0 237 1
8 D 48 237 1
8 L 0 468 1
8 D 48 468 1
8 L 0 810 1
8 D 48 810 1
8 L 0 218 1
8 D 48 218 1
9 L 0 277 1
9 D 49 277 1
9 L 0 455 1
9 D 49 455 1
9 L 0 185 1
9 D 49 185 1
9 L 0 823 1
9 D 49 823 1
9 L 0 891 1
9 D 49 891 1
9 L 0 189 1
9 D 49 189 1
9 L 0 808 1
9 D 49 808 1
9 L 0 520 1
9 D 49 520 1
9 L 0 691 1
9 D 49 691 1
10 L 0 350 1
10 D 50 350 1
10 L 0 749 1
10 D 50 749 1
10 L 0 242 1
10 D 50 242 1
10 L 0 345 1
10 D 50 345 1
11 L 0 950 1
11 D 51 950 1
11 L 0 32 1
11 D 51 32 1
11 L 0 475 1
11 D 51 475 1
11 L 0 919 1
11 D 51 919 1
11 L 0 403 1
11 D 51 403 1
11 L 0 400 1
11 D 51 400 1
12 L 0 855 1
12 D 52 855 1
12 L 0 539 1
12 D 52 539 1
12 L 0 931 1
12 D 52 931 1
13 L 0 323 1
13 D 53 323 1
13 L 0 139 1
13 D 53 139 1
14 L 0 840 1
14 D 54 840 1
14 L 0 162 1
14 D 54 162 1
14 L 0 430 1
14 D 54 430 1
14 L 0 178 1
14 D 54 178 1
14 L 0 10 1
14 D 54 10 1
14 L 0 879 1
14 D 54 879 1
14 L 0 268 1
14 D 54 268 1
15 L 0 956 1
15 D 55 956 1
15 L 0 559 1
15 D 55 559 1
15 L 0 513 1
15 D 55 513 1
15 L 0 925 1
15 D 55 925 1
15 L 0 970 1
15 D 55 970 1
15 L 0 798 1
15 D 55 798 1
15 L 0 964 1
15 D 55 964 1
15 L 0 774 1
15 D 55 774 1
15 L 0 362 1
15 D 55 362 1
15 L 0 988 1
15 D 55 988 1
15 L 0 835 1
15 D 55 835 1
15 L 0 80 1
15 D 55 80 1
16 L 0 182 1
16 D 56 182 1
16 L 0 138 1
16 D 56 138 1
16 L 0 81 1
16 D 56 81 1
16 L 0 350 1
16 D 56 350 1
16 L 0 110 1
16 D 56 110 1
16 L 0 978 1
16 D 56 978 1
16 L 0 189 1
16 D 56 189 1
16 L 0 552 1
16 D 56 552 1
16 L 0 402 1
16 D 56 402 1
16 L 0 160 1
16 D 56 160 1
16 L 0 600 1
16 D 56 600 1
16 L 0 726 1
16 D 56 726 1
16 L 0 267 1
16 D 56 267 1
16 L 0 953 1
16 D 56 953 1
16 L 0 435 1
16 D 56 435 1
16 L 0 499 1
16 D 56 499 1
16 L 0 994 1
16 D 56 994 1
17 L 0 221 1
17 D 57 221 1
17 L 0 388 1
17 D 57 388 1
17 L 0 501 1
17 D 57 501 1
17 L 0 312 1
17 D 57 312 1
17 L 0 159 1
17 D 57 159 1
17 L 0 893 1
17 D 57 893 1
17 L 0 161 1
17 D 57 161 1
17 L 0 777 1
17 D 57 777 1
17 L 0 114 1
17 D 57 114 1
17 L 0 708 1
17 D 57 708 1
17 L 0 846 1
17 D 57 846 1
17 L 0 10 1
17 D 57 10 1
18 L 0 57 1
18 D 58 57 1
18 L 0 203 1
18 D 58 203 1
18 L 0 174 1
18 D 58 174 1
18 L 0 406 1
18 D 58 406 1
18 L 0 468 1
18 D 58 468 1
18 L 0 845 1
18 D 58 845 1
18 L 0 547 1
18 D 58 547 1
18 L 0 501 1
18 D 58 501 1
18 L 0 471 1
18 D 58 471 1
18 L 0 741 1
18 D 58 741 1
18 L 0 446 1
18 D 58 446 1
18 L 0 242 1
18 D 58 242 1
18 L 0 1 1
18 D 58 1 1
18 L 0 802 1
18 D 58 802 1
19 L 0 262 1
19 D 59 262 1
19 L 0 513 1
19 D 59 513 1
19 L 0 238 1
19 D 59 238 1
19 L 0 328 1
19 D 59 328 1
0 L 0 512 1
0 D 60 512 1
0 L 0 405 1
0 D 60 405 1
0 L 0 419 1
0 D 60 419 1
0 L 0 911 1
0 D 60 911 1
0 L 0 872 1
0 D 60 872 1
0 L 0 510 1
0 D 60 510 1
0 L 0 832 1
0 D 60 832 1
0 L 0 486 1
0 D 60 486 1
0 L 0 71 1
0 D 60 71 1
0 L 0 8 1
0 D 60 8 1
0 L 0 301 1
0 D 60 301 1
0 L 0 603 1
0 D 60 603 1
1 L 0 522 1
1 D 61 522 1
1 L 0 52 1
1 D 61 52 1
1 L 0 276 1
1 D 61 276 1
1 L 0 105 1
1 D 61 105 1
2 L 0 809 1
2 D 62 809 1
2 L 0 191 1
2 D 62 191 1
2 L 0 308 1
2 D 62 308 1
2 L 0 756 1
2 D 62 756 1
2 L 0 260 1
2 D 62 260 1
2 L 0 283 1
2 D 62 283 1
2 L 0 786 1
2 D 62 786 1
2 L 0 573 1
2 D 62 573 1
2 L 0 982 1
2 D 62 982 1
2 L 0 646 1
2 D 62 646 1
3 L 0 267 1
3 D 63 267 1
3 L 0 509 1
3 D 63 509 1
3 L 0 85 1
3 D 63 85 1
3 L 0 107 1
3 D 63 107 1
3 L 0 840 1
3 D 63 840 1
4 L 0 964 1
4 D 64 964 1
4 L 0 93 1
4 D 64 93 1
4 L 0 350 1
4 D 64 350 1
4 L 0 659 1
4 D 64 659 1
5 L 0 228 1
5 D 65 228 1
5 L 0 963 1
5 D 65 963 1
5 L 0 437 1
5 D 65 437 1
5 L 0 749 1
5 D 65 749 1
5 L 0 301 1
5 D 65 301 1
5 L 0 473 1
5 D 65 473 1
5 L 0 704 1
5 D 65 704 1
5 L 0 589 1
5 D 65 589 1
5 L 0 158 1
5 D 65 158 1
5 L 0 511 1
5 D 65 511 1
5 L 0 307 1
5 D 65 307 1
5 L 0 756 1
5 D 65 756 1
6 L 0 336 1
6 D 66 336 1
6 L 0 786 1
6 D 66 786 1
6 L 0 414 1
6 D 66 414 1
6 L 0 391 1
6 D 66 391 1
7 L 0 644 1
7 D 67 644 1
7 L 0 228 1
7 D 67 228 1
7 L 0 614 1
7 D 67 614 1
7 L 0 76 1
7 D 67 76 1
7 L 0 35 1
7 D 67 35 1
7 L 0 110 1
7 D 67 110 1
8 L 0 658 1
8 D 68 658 1
8 L 0 989 1
8 D 68 989 1
8 L 0 877 1
8 D 68 877 1
8 L 0 876 1
8 D 68 876 1
8 L 0 936 1
8 D 68 936 1
8 L 0 401 1
8 D 68 401 1
9 L 0 836 1
9 D 69 836 1
9 L 0 694 1
9 D 69 694 1
9 L 0 58 1
9 D 69 58 1
9 L 0 644 1
9 D 69 644 1
9 L 0 885 1
9 D 69 885 1
9 L 0 950 1
9 D 69 950 1
9 L 0 392 1
9 D 69 392 1
9 L 0 722 1
9 D 69 722 1
9 L 0 444 1
9 D 69 444 1
9 L 0 112 1
9 D 69 112 1
9 L 0 73 1
9 D 69 73 1
10 L 0 371 1
10 D 70 371 1
10 L 0 560 1
10 D 70 560 1
10 L 0 424 1
10 D 70 424 1
10 L 0 251 1
10 D 70 251 1
10 L 0 971 1
10 D 70 971 1
10 L 0 239 1
10 D 70 239 1
11 L 0 468 1
11 D 71 468 1
11 L 0 455 1
11 D 71 455 1
11 L 0 465 1
11 D 71 465 1
11 L 0 789 1
11 D 71 789 1
11 L 0 520 1
11 D 71 520 1
11 L 0 511 1
11 D 71 511 1
11 L 0 468 1
11 D 71 468 1
11 L 0 534 1
11 D 71 534 1
11 L 0 791 1
11 D 71 791 1
11 L 0 160 1
11 D 71 160 1
12 L 0 456 1
12 D 72 456 1
12 L 0 484 1
12 D 72 484 1
12 L 0 110 1
12 D 72 110 1
12 L 0 160 1
12 D 72 160 1
12 L 0 297 1
12 D 72 297 1
12 L 0 452 1
12 D 72 452 1
12 L 0 764 1
12 D 72 764 1
13 L 0 350 1
13 D 73 350 1
14 L 0 967 1
14 D 74 967 1
14 L 0 996 1
14 D 74 996 1
14 L 0 614 1
14 D 74 614 1
15 L 0 299 1
15 D 75 299 1
15 L 0 63 1
15 D 75 63 1
15 L 0 392 1
15 D 75 392 1
15 L 0 782 1
15 D 75 782 1
15 L 0 861 1
15 D 75 861 1
15 L 0 709 1
15 D 75 709 1
15 L 0 663 1
15 D 75 663 1
15 L 0 83 1
15 D 75 83 1
15 L 0 420 1
15 D 75 420 1
15 L 0 251 1
15 D 75 251 1
15 L 0 737 1
15 D 75 737 1
15 L 0 953 1
15 D 75 953 1
15 L 0 190 1
15 D 75 190 1
16 L 0 816 1
16 D 76 816 1
16 L 0 474 1
16 D 76 474 1
16 L 0 122 1
16 D 76 122 1
16 L 0 537 1
16 D 76 537 1
16 L 0 450 1
16 D 76 450 1
16 L 0 511 1
16 D 76 511 1
16 L 0 127 1
16 D 76 127 1
17 L 0 862 1
17 D 77 862 1
17 L 0 852 1
17 D 77 852 1
17 L 0 526 1
17 D 77 526 1
17 L 0 391 1
17 D 77 391 1
17 L 0 402 1
17 D 77 402 1
17 L 0 21 1
17 D 77 21 1
17 L 0 233 1
17 D 77 233 1
17 L 0 241 1
17 D 77 241 1
18 L 0 615 1
18 D 78 615 1
18 L 0 210 1
18 D 78 210 1
18 L 0 10 1
18 D 78 10 1
18 L 0 835 1
18 D 78 835 1
18 L 0 479 1
18 D 78 479 1
18 L 0 637 1
18 D 78 637 1
18 L 0 477 1
18 D 78 477 1
18 L 0 684 1
18 D 78 684 1
19 L 0 939 1
19 D 79 939 1
19 L 0 624 1
19 D 79 624 1
19 L 0 481 1
19 D 79 481 1
19 L 0 270 1
19 D 79 270 1
19 L 0 692 1
19 D 79 692 1
19 L 0 509 1
19 D 79 509 1
19 L 0 286 1
19 D 79 286 1
