2766
0 L 1 170 1
0 D 0 170 1
0 L 0 1086 1
0 D 0 1086 1
0 L 0 232 1
0 D 0 232 1
0 L 0 967 1
0 D 0 967 1
0 L 0 1896 1
0 D 0 1896 1
0 L 0 1713 1
0 D 0 1713 1
0 L 0 1059 1
0 D 0 1059 1
0 L 0 1664 1
0 D 0 1664 1
0 L 0 1881 1
0 D 0 1881 1
0 L 0 1280 1
0 D 0 1280 1
0 L 0 1131 1
0 D 0 1131 1
1 L 0 1886 1
1 D 1 1886 1
1 L 0 505 1
1 D 1 505 1
1 L 0 789 1
1 D 1 789 1
1 L 0 1486 1
1 D 1 1486 1
1 L 0 63 1
1 D 1 63 1
1 L 0 660 1
1 D 1 660 1
1 L 0 1741 1
1 D 1 1741 1
1 L 0 1910 1
1 D 1 1910 1
2 L 0 1792 1
2 D 2 1792 1
2 L 0 1020 1
2 D 2 1020 1
2 L 0 1966 1
2 D 2 1966 1
2 L 0 745 1
2 D 2 745 1
2 L 1 913 1
2 D 2 913 1
2 L 0 1214 1
2 D 2 1214 1
3 L 0 1618 1
3 D 3 1618 1
3 L 1 325 1
3 D 3 325 1
3 L 0 1019 1
3 D 3 1019 1
3 L 1 1286 1
3 D 3 1286 1
3 L 0 1559 1
3 D 3 1559 1
3 L 1 1889 1
3 D 3 1889 1
3 L 0 801 1
3 D 3 801 1
4 L 1 536 1
4 D 4 536 1
4 L 0 1719 1
4 D 4 1719 1
4 L 0 1661 1
4 D 4 1661 1
4 L 0 1715 1
4 D 4 1715 1
4 L 0 1987 1
4 D 4 1987 1
4 L 0 795 1
4 D 4 795 1
4 L 0 820 1
4 D 4 820 1
4 L 0 15 1
4 D 4 15 1
4 L 0 1023 1
4 D 4 1023 1
4 L 0 1788 1
4 D 4 1788 1
4 L 0 1331 1
4 D 4 1331 1
4 L 0 818 1
4 D 4 818 1
5 L 0 1481 1
5 D 5 1481 1
5 L 0 1863 1
5 D 5 1863 1
5 L 0 1084 1
5 D 5 1084 1
5 L 0 1204 1
5 D 5 1204 1
5 L 0 488 1
5 D 5 488 1
6 L 0 1204 1
6 D 6 1204 1
6 L 0 1580 1
6 D 6 1580 1
6 L 0 905 1
6 D 6 905 1
6 L 0 73 1
6 D 6 73 1
6 L 0 1690 1
6 D 6 1690 1
6 L 0 1833 1
6 D 6 1833 1
6 L 0 488 1
6 D 6 488 1
7 L 2 264 1
7 D 7 264 1
7 L 0 142 1
7 D 7 142 1
7 L 0 808 1
7 D 7 808 1
8 L 0 1958 1
8 D 8 1958 1
8 L 0 1843 1
8 D 8 1843 1
9 L 0 1786 1
9 D 9 1786 1
9 L 0 1820 1
9 D 9 1820 1
9 L 0 1719 1
9 D 9 1719 1
9 L 0 1106 1
9 D 9 1106 1
9 L 0 183 1
9 D 9 183 1
9 L 0 1184 1
9 D 9 1184 1
9 L 0 257 1
9 D 9 257 1
9 L 0 1255 1
9 D 9 1255 1
9 L 0 1055 1
9 D 9 1055 1
9 L 0 1087 1
9 D 9 1087 1
9 L 0 1073 1
9 D 9 1073 1
10 L 0 154 1
10 D 10 154 1
10 L 0 1189 1
10 D 10 1189 1
11 L 0 371 1
11 D 11 371 1
11 L 0 365 1
11 D 11 365 1
11 L 0 1147 1
11 D 11 1147 1
11 L 0 1363 1
11 D 11 1363 1
11 L 0 1566 1
11 D 11 1566 1
11 L 0 1944 1
11 D 11 1944 1
11 L 1 1136 1
11 D 11 1136 1
11 L 0 467 1
11 D 11 467 1
11 L 0 396 1
11 D 11 396 1
11 L 0 598 1
11 D 11 598 1
11 L 0 219 1
11 D 11 219 1
11 L 0 1058 1
11 D 11 1058 1
11 L 0 481 1
11 D 11 481 1
11 L 0 922 1
11 D 11 922 1
11 L 0 960 1
11 D 11 960 1
11 L 0 1376 1
11 D 11 1376 1
11 L 0 1958 1
11 D 11 1958 1
11 L 0 384 1
11 D 11 384 1
12 L 0 1002 1
12 D 12 1002 1
12 L 0 1470 1
12 D 12 1470 1
12 L 0 935 1
12 D 12 935 1
12 L 0 424 1
12 D 12 424 1
12 L 0 483 1
12 D 12 483 1
12 L 0 711 1
12 D 12 711 1
12 L 0 32 1
12 D 12 32 1
12 L 0 401 1
12 D 12 401 1
12 L 0 1540 1
12 D 12 1540 1
12 L 0 1526 1
12 D 12 1526 1
12 L 0 1139 1
12 D 12 1139 1
12 L 0 1413 1
12 D 12 1413 1
13 L 0 937 1
13 D 13 937 1
13 L 1 655 1
13 D 13 655 1
13 L 0 142 1
13 D 13 142 1
13 L 0 1080 1
13 D 13 1080 1
13 L 0 787 1
13 D 13 787 1
13 L 0 1558 1
13 D 13 1558 1
13 L 0 1611 1
13 D 13 1611 1
13 L 0 1855 1
13 D 13 1855 1
13 L 0 485 1
13 D 13 485 1
13 L 0 1808 1
13 D 13 1808 1
13 L 0 577 1
13 D 13 577 1
13 L 0 130 1
13 D 13 130 1
13 L 0 841 1
13 D 13 841 1
14 L 0 1052 1
14 D 14 1052 1
15 L 0 1920 1
15 D 15 1920 1
15 L 0 643 1
15 D 15 643 1
15 L 1 737 1
15 D 15 737 1
15 L 0 1535 1
15 D 15 1535 1
15 L 0 525 1
15 D 15 525 1
15 L 0 1867 1
15 D 15 1867 1
15 L 0 625 1
15 D 15 625 1
15 L 0 1491 1
15 D 15 1491 1
15 L 0 1962 1
15 D 15 1962 1
15 L 0 810 1
15 D 15 810 1
16 L 1 723 1
16 D 16 723 1
16 L 0 688 1
16 D 16 688 1
16 L 0 1790 1
16 D 16 1790 1
16 L 0 1034 1
16 D 16 1034 1
16 L 0 1965 1
16 D 16 1965 1
16 L 0 1057 1
16 D 16 1057 1
16 L 0 618 1
16 D 16 618 1
16 L 0 1496 1
16 D 16 1496 1
16 L 0 1160 1
16 D 16 1160 1
16 L 0 406 1
16 D 16 406 1
17 L 1 723 1
17 D 17 723 1
17 L 0 409 1
17 D 17 409 1
17 L 0 1717 1
17 D 17 1717 1
17 L 0 1832 1
17 D 17 1832 1
18 L 0 829 1
18 D 18 829 1
18 L 0 1956 1
18 D 18 1956 1
18 L 0 1592 1
18 D 18 1592 1
18 L 0 1217 1
18 D 18 1217 1
18 L 0 777 1
18 D 18 777 1
18 L 0 624 1
18 D 18 624 1
18 L 0 301 1
18 D 18 301 1
19 L 0 815 1
19 D 19 815 1
20 L 0 384 1
20 D 20 384 1
20 L 0 1977 1
20 D 20 1977 1
20 L 1 1512 1
20 D 20 1512 1
20 L 0 1280 1
20 D 20 1280 1
20 L 0 297 1
20 D 20 297 1
20 L 0 1090 1
20 D 20 1090 1
21 L 0 573 1
21 D 21 573 1
21 L 3 1387 1
21 D 21 1387 1
21 L 0 1990 1
21 D 21 1990 1
21 L 0 1462 1
21 D 21 1462 1
22 L 0 62 1
22 D 22 62 1
22 L 0 348 1
22 D 22 348 1
22 L 0 690 1
22 D 22 690 1
22 L 0 1424 1
22 D 22 1424 1
22 L 0 1830 1
22 D 22 1830 1
22 L 2 1795 1
22 D 22 1795 1
22 L 0 1254 1
22 D 22 1254 1
22 L 1 1450 1
22 D 22 1450 1
22 L 0 1819 1
22 D 22 1819 1
22 L 0 1470 1
22 D 22 1470 1
23 L 0 801 1
23 D 23 801 1
23 L 1 406 1
23 D 23 406 1
23 L 0 1853 1
23 D 23 1853 1
23 L 0 1677 1
23 D 23 1677 1
23 L 0 157 1
23 D 23 157 1
23 L 0 919 1
23 D 23 919 1
23 L 0 1754 1
23 D 23 1754 1
23 L 0 1464 1
23 D 23 1464 1
23 L 0 1836 1
23 D 23 1836 1
24 L 0 445 1
24 D 24 445 1
24 L 0 1597 1
24 D 24 1597 1
24 L 0 979 1
24 D 24 979 1
25 L 0 30 1
25 D 25 30 1
25 L 0 786 1
25 D 25 786 1
25 L 0 1867 1
25 D 25 1867 1
25 L 0 1461 1
25 D 25 1461 1
25 L 0 1338 1
25 D 25 1338 1
25 L 0 1393 1
25 D 25 1393 1
25 L 0 539 1
25 D 25 539 1
25 L 0 1005 1
25 D 25 1005 1
26 L 0 1628 1
26 D 26 1628 1
26 L 0 456 1
26 D 26 456 1
26 L 0 1229 1
26 D 26 1229 1
26 L 0 1084 1
26 D 26 1084 1
26 L 0 1810 1
26 D 26 1810 1
26 L 0 1550 1
26 D 26 1550 1
26 L 0 1508 1
26 D 26 1508 1
26 L 0 350 1
26 D 26 350 1
26 L 0 468 1
26 D 26 468 1
26 L 0 1589 1
26 D 26 1589 1
26 L 0 1790 1
26 D 26 1790 1
26 L 0 901 1
26 D 26 901 1
26 L 0 487 1
26 D 26 487 1
27 L 0 104 1
27 D 27 104 1
27 L 0 1414 1
27 D 27 1414 1
27 L 0 35 1
27 D 27 35 1
27 L 0 537 1
27 D 27 537 1
27 L 0 590 1
27 D 27 590 1
27 L 1 1698 1
27 D 27 1698 1
27 L 0 139 1
27 D 27 139 1
27 L 1 43 1
27 D 27 43 1
27 L 0 239 1
27 D 27 239 1
27 L 0 1120 1
27 D 27 1120 1
27 L 0 2 1
27 D 27 2 1
27 L 0 908 1
27 D 27 908 1
27 L 0 244 1
27 D 27 244 1
27 L 1 1299 1
27 D 27 1299 1
27 L 0 1824 1
27 D 27 1824 1
28 L 0 919 1
28 D 28 919 1
28 L 0 1699 1
28 D 28 1699 1
29 L 0 1290 1
29 D 29 1290 1
29 L 0 441 1
29 D 29 441 1
29 L 0 488 1
29 D 29 488 1
29 L 0 1086 1
29 D 29 1086 1
29 L 0 1702 1
29 D 29 1702 1
29 L 0 1372 1
29 D 29 1372 1
29 L 0 607 1
29 D 29 607 1
29 L 0 290 1
29 D 29 290 1
29 L 0 1475 1
29 D 29 1475 1
0 L 0 843 1
0 D 30 843 1
0 L 0 334 1
0 D 30 334 1
0 L 0 1406 1
0 D 30 1406 1
0 L 0 613 1
0 D 30 613 1
0 L 0 1480 1
0 D 30 1480 1
0 L 0 859 1
0 D 30 859 1
1 L 0 1024 1
1 D 31 1024 1
1 L 0 1774 1
1 D 31 1774 1
1 L 0 270 1
1 D 31 270 1
1 L 0 1290 1
1 D 31 1290 1
1 L 0 432 1
1 D 31 432 1
1 L 0 367 1
1 D 31 367 1
1 L 0 1023 1
1 D 31 1023 1
1 L 1 1006 1
1 D 31 1006 1
1 L 0 1338 1
1 D 31 1338 1
1 L 0 534 1
1 D 31 534 1
2 L 0 563 1
2 D 32 563 1
2 L 0 446 1
2 D 32 446 1
2 L 0 1893 1
2 D 32 1893 1
2 L 0 865 1
2 D 32 865 1
2 L 0 437 1
2 D 32 437 1
2 L 0 471 1
2 D 32 471 1
2 L 0 1622 1
2 D 32 1622 1
2 L 0 1052 1
2 D 32 1052 1
2 L 0 719 1
2 D 32 719 1
2 L 0 801 1
2 D 32 801 1
2 L 0 1887 1
2 D 32 1887 1
2 L 0 1740 1
2 D 32 1740 1
2 L 0 803 1
2 D 32 803 1
2 L 0 1039 1
2 D 32 1039 1
3 L 0 1854 1
3 D 33 1854 1
3 L 0 1810 1
3 D 33 1810 1
3 L 0 303 1
3 D 33 303 1
3 L 0 553 1
3 D 33 553 1
3 L 1 635 1
3 D 33 635 1
3 L 1 341 1
3 D 33 341 1
3 L 0 1441 1
3 D 33 1441 1
3 L 0 526 1
3 D 33 526 1
3 L 0 963 1
3 D 33 963 1
3 L 0 41 1
3 D 33 41 1
3 L 0 1645 1
3 D 33 1645 1
3 L 3 731 1
3 D 33 731 1
3 L 0 1887 1
3 D 33 1887 1
4 L 0 1789 1
4 D 34 1789 1
4 L 1 668 1
4 D 34 668 1
4 L 2 848 1
4 D 34 848 1
4 L 0 1050 1
4 D 34 1050 1
5 L 0 1489 1
5 D 35 1489 1
5 L 0 591 1
5 D 35 591 1
5 L 0 278 1
5 D 35 278 1
5 L 0 159 1
5 D 35 159 1
5 L 0 1739 1
5 D 35 1739 1
5 L 9 1865 1
5 D 35 1865 1
5 L 0 1590 1
5 D 35 1590 1
5 L 0 186 1
5 D 35 186 1
5 L 0 1798 1
5 D 35 1798 1
5 L 0 829 1
5 D 35 829 1
5 L 0 1910 1
5 D 35 1910 1
5 L 0 739 1
5 D 35 739 1
6 L 0 1830 1
6 D 36 1830 1
6 L 0 467 1
6 D 36 467 1
6 L 0 790 1
6 D 36 790 1
6 L 5 1865 1
6 D 36 1865 1
6 L 0 735 1
6 D 36 735 1
6 L 0 642 1
6 D 36 642 1
6 L 0 27 1
6 D 36 27 1
6 L 0 1169 1
6 D 36 1169 1
6 L 0 377 1
6 D 36 377 1
6 L 0 905 1
6 D 36 905 1
6 L 0 1910 1
6 D 36 1910 1
6 L 0 1821 1
6 D 36 1821 1
6 L 0 534 1
6 D 36 534 1
7 L 0 1936 1
7 D 37 1936 1
7 L 0 185 1
7 D 37 185 1
7 L 0 1822 1
7 D 37 1822 1
7 L 0 725 1
7 D 37 725 1
8 L 0 1490 1
8 D 38 1490 1
8 L 0 68 1
8 D 38 68 1
8 L 0 1762 1
8 D 38 1762 1
9 L 0 149 1
9 D 39 149 1
9 L 0 719 1
9 D 39 719 1
10 L 0 1964 1
10 D 40 1964 1
10 L 0 1344 1
10 D 40 1344 1
11 L 0 877 1
11 D 41 877 1
11 L 0 15 1
11 D 41 15 1
11 L 0 915 1
11 D 41 915 1
11 L 0 1817 1
11 D 41 1817 1
11 L 0 803 1
11 D 41 803 1
11 L 0 123 1
11 D 41 123 1
11 L 0 1569 1
11 D 41 1569 1
12 L 0 362 1
12 D 42 362 1
12 L 0 1607 1
12 D 42 1607 1
12 L 0 275 1
12 D 42 275 1
12 L 0 1818 1
12 D 42 1818 1
12 L 0 1641 1
12 D 42 1641 1
12 L 0 1779 1
12 D 42 1779 1
12 L 0 135 1
12 D 42 135 1
12 L 0 1275 1
12 D 42 1275 1
12 L 0 1854 1
12 D 42 1854 1
12 L 0 721 1
12 D 42 721 1
13 L 0 1584 1
13 D 43 1584 1
13 L 0 1525 1
13 D 43 1525 1
13 L 0 688 1
13 D 43 688 1
14 L 0 216 1
14 D 44 216 1
14 L 0 563 1
14 D 44 563 1
15 L 0 1158 1
15 D 45 1158 1
15 L 0 367 1
15 D 45 367 1
15 L 0 885 1
15 D 45 885 1
15 L 0 242 1
15 D 45 242 1
15 L 1 1615 1
15 D 45 1615 1
15 L 0 1029 1
15 D 45 1029 1
16 L 0 1342 1
16 D 46 1342 1
16 L 0 1280 1
16 D 46 1280 1
16 L 0 1191 1
16 D 46 1191 1
16 L 0 370 1
16 D 46 370 1
16 L 0 1646 1
16 D 46 1646 1
16 L 0 384 1
16 D 46 384 1
16 L 1 1450 1
16 D 46 1450 1
16 L 0 383 1
16 D 46 383 1
16 L 0 183 1
16 D 46 183 1
16 L 0 1988 1
16 D 46 1988 1
16 L 0 1506 1
16 D 46 1506 1
17 L 0 1045 1
17 D 47 1045 1
17 L 0 441 1
17 D 47 441 1
17 L 0 239 1
17 D 47 239 1
17 L 1 1192 1
17 D 47 1192 1
17 L 0 1651 1
17 D 47 1651 1
17 L 0 711 1
17 D 47 711 1
17 L 0 590 1
17 D 47 590 1
17 L 0 649 1
17 D 47 649 1
17 L 0 1180 1
17 D 47 1180 1
17 L 0 1241 1
17 D 47 1241 1
18 L 0 1785 1
18 D 48 1785 1
18 L 0 1095 1
18 D 48 1095 1
18 L 0 563 1
18 D 48 563 1
19 L 0 1782 1
19 D 49 1782 1
19 L 0 1514 1
19 D 49 1514 1
20 L 0 877 1
20 D 50 877 1
20 L 1 640 1
20 D 50 640 1
20 L 0 1092 1
20 D 50 1092 1
20 L 0 122 1
20 D 50 122 1
21 L 0 1644 1
21 D 51 1644 1
21 L 1 1945 1
21 D 51 1945 1
21 L 0 223 1
21 D 51 223 1
21 L 0 1864 1
21 D 51 1864 1
21 L 0 739 1
21 D 51 739 1
21 L 0 1971 1
21 D 51 1971 1
21 L 0 1879 1
21 D 51 1879 1
21 L 0 201 1
21 D 51 201 1
21 L 0 600 1
21 D 51 600 1
21 L 0 954 1
21 D 51 954 1
22 L 0 1903 1
22 D 52 1903 1
22 L 0 1722 1
22 D 52 1722 1
22 L 0 757 1
22 D 52 757 1
22 L 0 793 1
22 D 52 793 1
22 L 0 1609 1
22 D 52 1609 1
22 L 0 1921 1
22 D 52 1921 1
22 L 0 360 1
22 D 52 360 1
22 L 0 267 1
22 D 52 267 1
22 L 0 1031 1
22 D 52 1031 1
22 L 0 1905 1
22 D 52 1905 1
22 L 1 1666 1
22 D 52 1666 1
22 L 1 78 1
22 D 52 78 1
22 L 0 105 1
22 D 52 105 1
22 L 0 129 1
22 D 52 129 1
22 L 0 1049 1
22 D 52 1049 1
23 L 0 1180 1
23 D 53 1180 1
23 L 0 361 1
23 D 53 361 1
23 L 0 1908 1
23 D 53 1908 1
23 L 3 155 1
23 D 53 155 1
23 L 0 383 1
23 D 53 383 1
23 L 0 110 1
23 D 53 110 1
23 L 1 277 1
23 D 53 277 1
23 L 0 1359 1
23 D 53 1359 1
23 L 0 526 1
23 D 53 526 1
23 L 3 1972 1
23 D 53 1972 1
24 L 0 730 1
24 D 54 730 1
24 L 0 164 1
24 D 54 164 1
24 L 0 1013 1
24 D 54 1013 1
24 L 3 1203 1
24 D 54 1203 1
24 L 0 491 1
24 D 54 491 1
25 L 0 1903 1
25 D 55 1903 1
25 L 0 1840 1
25 D 55 1840 1
25 L 0 271 1
25 D 55 271 1
26 L 0 364 1
26 D 56 364 1
26 L 0 884 1
26 D 56 884 1
26 L 0 64 1
26 D 56 64 1
26 L 0 1957 1
26 D 56 1957 1
26 L 0 282 1
26 D 56 282 1
26 L 0 1847 1
26 D 56 1847 1
26 L 0 369 1
26 D 56 369 1
26 L 0 1469 1
26 D 56 1469 1
26 L 0 105 1
26 D 56 105 1
26 L 0 1967 1
26 D 56 1967 1
26 L 0 845 1
26 D 56 845 1
26 L 0 1200 1
26 D 56 1200 1
26 L 0 1219 1
26 D 56 1219 1
26 L 0 960 1
26 D 56 960 1
27 L 0 1875 1
27 D 57 1875 1
27 L 0 344 1
27 D 57 344 1
27 L 0 48 1
27 D 57 48 1
27 L 0 1172 1
27 D 57 1172 1
27 L 0 704 1
27 D 57 704 1
27 L 0 50 1
27 D 57 50 1
27 L 0 985 1
27 D 57 985 1
27 L 0 470 1
27 D 57 470 1
27 L 0 1347 1
27 D 57 1347 1
27 L 0 787 1
27 D 57 787 1
28 L 0 1304 1
28 D 58 1304 1
28 L 0 448 1
28 D 58 448 1
29 L 0 733 1
29 D 59 733 1
29 L 0 1903 1
29 D 59 1903 1
29 L 0 841 1
29 D 59 841 1
29 L 0 272 1
29 D 59 272 1
29 L 0 1782 1
29 D 59 1782 1
29 L 0 1084 1
29 D 59 1084 1
29 L 0 1361 1
29 D 59 1361 1
29 L 0 35 1
29 D 59 35 1
29 L 0 1938 1
29 D 59 1938 1
29 L 0 1743 1
29 D 59 1743 1
29 L 0 525 1
29 D 59 525 1
0 L 0 1817 1
0 D 60 1817 1
0 L 0 1924 1
0 D 60 1924 1
0 L 0 1214 1
0 D 60 1214 1
0 L 0 601 1
0 D 60 601 1
0 L 0 261 1
0 D 60 261 1
0 L 0 102 1
0 D 60 102 1
0 L 0 634 1
0 D 60 634 1
0 L 0 28 1
0 D 60 28 1
0 L 0 1669 1
0 D 60 1669 1
0 L 0 1526 1
0 D 60 1526 1
1 L 1 743 1
1 D 61 743 1
1 L 0 865 1
1 D 61 865 1
1 L 0 716 1
1 D 61 716 1
1 L 0 896 1
1 D 61 896 1
1 L 0 1769 1
1 D 61 1769 1
1 L 0 475 1
1 D 61 475 1
1 L 0 216 1
1 D 61 216 1
1 L 0 1466 1
1 D 61 1466 1
1 L 0 814 1
1 D 61 814 1
1 L 5 1254 1
1 D 61 1254 1
1 L 0 1413 1
1 D 61 1413 1
1 L 0 1177 1
1 D 61 1177 1
2 L 0 552 1
2 D 62 552 1
2 L 0 477 1
2 D 62 477 1
2 L 0 1230 1
2 D 62 1230 1
2 L 0 713 1
2 D 62 713 1
3 L 0 798 1
3 D 63 798 1
3 L 0 1444 1
3 D 63 1444 1
3 L 0 1496 1
3 D 63 1496 1
3 L 0 1559 1
3 D 63 1559 1
3 L 4 580 1
3 D 63 580 1
3 L 0 1886 1
3 D 63 1886 1
3 L 0 736 1
3 D 63 736 1
3 L 2 1325 1
3 D 63 1325 1
3 L 0 1709 1
3 D 63 1709 1
3 L 0 967 1
3 D 63 967 1
3 L 0 1832 1
3 D 63 1832 1
3 L 0 1148 1
3 D 63 1148 1
3 L 0 270 1
3 D 63 270 1
4 L 0 1482 1
4 D 64 1482 1
4 L 0 49 1
4 D 64 49 1
4 L 0 1580 1
4 D 64 1580 1
4 L 0 1265 1
4 D 64 1265 1
4 L 1 1257 1
4 D 64 1257 1
5 L 0 637 1
5 D 65 637 1
5 L 1 215 1
5 D 65 215 1
5 L 0 1665 1
5 D 65 1665 1
5 L 0 902 1
5 D 65 902 1
5 L 0 419 1
5 D 65 419 1
5 L 0 330 1
5 D 65 330 1
5 L 0 1790 1
5 D 65 1790 1
5 L 0 580 1
5 D 65 580 1
5 L 0 1952 1
5 D 65 1952 1
5 L 0 361 1
5 D 65 361 1
5 L 0 782 1
5 D 65 782 1
5 L 1 1259 1
5 D 65 1259 1
5 L 0 1514 1
5 D 65 1514 1
6 L 0 1606 1
6 D 66 1606 1
6 L 0 649 1
6 D 66 649 1
6 L 0 257 1
6 D 66 257 1
6 L 0 1915 1
6 D 66 1915 1
7 L 0 1097 1
7 D 67 1097 1
7 L 0 338 1
7 D 67 338 1
7 L 0 512 1
7 D 67 512 1
7 L 0 1329 1
7 D 67 1329 1
8 L 0 597 1
8 D 68 597 1
9 L 1 486 1
9 D 69 486 1
9 L 0 859 1
9 D 69 859 1
9 L 0 477 1
9 D 69 477 1
9 L 0 905 1
9 D 69 905 1
9 L 0 1453 1
9 D 69 1453 1
9 L 0 1782 1
9 D 69 1782 1
9 L 0 167 1
9 D 69 167 1
9 L 0 808 1
9 D 69 808 1
10 L 0 476 1
10 D 70 476 1
10 L 0 1108 1
10 D 70 1108 1
10 L 0 974 1
10 D 70 974 1
10 L 0 587 1
10 D 70 587 1
11 L 0 1028 1
11 D 71 1028 1
11 L 0 673 1
11 D 71 673 1
11 L 0 1554 1
11 D 71 1554 1
11 L 0 127 1
11 D 71 127 1
11 L 0 1903 1
11 D 71 1903 1
11 L 0 1072 1
11 D 71 1072 1
11 L 0 1106 1
11 D 71 1106 1
11 L 0 1917 1
11 D 71 1917 1
11 L 0 975 1
11 D 71 975 1
11 L 1 321 1
11 D 71 321 1
11 L 2 1666 1
11 D 71 1666 1
11 L 1 811 1
11 D 71 811 1
11 L 0 1133 1
11 D 71 1133 1
11 L 0 432 1
11 D 71 432 1
11 L 0 1794 1
11 D 71 1794 1
12 L 0 803 1
12 D 72 803 1
12 L 0 96 1
12 D 72 96 1
12 L 0 1301 1
12 D 72 1301 1
12 L 0 1117 1
12 D 72 1117 1
12 L 0 127 1
12 D 72 127 1
12 L 0 775 1
12 D 72 775 1
12 L 0 936 1
12 D 72 936 1
12 L 0 1034 1
12 D 72 1034 1
12 L 0 678 1
12 D 72 678 1
12 L 0 1704 1
12 D 72 1704 1
12 L 0 690 1
12 D 72 690 1
12 L 0 877 1
12 D 72 877 1
13 L 1 699 1
13 D 73 699 1
13 L 0 1568 1
13 D 73 1568 1
13 L 0 1566 1
13 D 73 1566 1
13 L 0 1065 1
13 D 73 1065 1
13 L 0 1176 1
13 D 73 1176 1
13 L 0 1005 1
13 D 73 1005 1
13 L 0 953 1
13 D 73 953 1
13 L 0 547 1
13 D 73 547 1
14 L 0 1214 1
14 D 74 1214 1
14 L 0 724 1
14 D 74 724 1
14 L 0 1561 1
14 D 74 1561 1
14 L 0 675 1
14 D 74 675 1
15 L 0 840 1
15 D 75 840 1
15 L 0 1951 1
15 D 75 1951 1
15 L 0 757 1
15 D 75 757 1
15 L 0 1794 1
15 D 75 1794 1
15 L 0 1874 1
15 D 75 1874 1
15 L 0 963 1
15 D 75 963 1
15 L 0 1300 1
15 D 75 1300 1
16 L 0 1906 1
16 D 76 1906 1
16 L 0 1660 1
16 D 76 1660 1
16 L 0 579 1
16 D 76 579 1
16 L 0 661 1
16 D 76 661 1
16 L 0 471 1
16 D 76 471 1
16 L 0 363 1
16 D 76 363 1
16 L 0 785 1
16 D 76 785 1
16 L 0 1548 1
16 D 76 1548 1
16 L 1 598 1
16 D 76 598 1
16 L 0 1833 1
16 D 76 1833 1
16 L 0 1073 1
16 D 76 1073 1
16 L 0 1569 1
16 D 76 1569 1
17 L 0 1451 1
17 D 77 1451 1
17 L 0 54 1
17 D 77 54 1
17 L 0 794 1
17 D 77 794 1
17 L 0 453 1
17 D 77 453 1
18 L 0 1902 1
18 D 78 1902 1
18 L 1 616 1
18 D 78 616 1
18 L 1 697 1
18 D 78 697 1
18 L 0 1723 1
18 D 78 1723 1
18 L 0 1901 1
18 D 78 1901 1
19 L 0 1712 1
19 D 79 1712 1
19 L 0 392 1
19 D 79 392 1
19 L 0 1586 1
19 D 79 1586 1
19 L 0 1168 1
19 D 79 1168 1
19 L 0 680 1
19 D 79 680 1
19 L 0 1481 1
19 D 79 1481 1
19 L 0 531 1
19 D 79 531 1
19 L 0 1339 1
19 D 79 1339 1
19 L 0 262 1
19 D 79 262 1
19 L 0 200 1
19 D 79 200 1
19 L 0 1164 1
19 D 79 1164 1
20 L 0 139 1
20 D 80 139 1
20 L 0 1234 1
20 D 80 1234 1
20 L 0 1118 1
20 D 80 1118 1
21 L 0 1975 1
21 D 81 1975 1
21 L 0 1335 1
21 D 81 1335 1
21 L 0 1986 1
21 D 81 1986 1
21 L 0 672 1
21 D 81 672 1
21 L 0 970 1
21 D 81 970 1
21 L 0 922 1
21 D 81 922 1
21 L 0 1840 1
21 D 81 1840 1
21 L 2 1706 1
21 D 81 1706 1
21 L 0 1223 1
21 D 81 1223 1
21 L 0 362 1
21 D 81 362 1
21 L 0 908 1
21 D 81 908 1
21 L 0 1398 1
21 D 81 1398 1
21 L 0 270 1
21 D 81 270 1
22 L 0 604 1
22 D 82 604 1
23 L 0 127 1
23 D 83 127 1
23 L 0 1592 1
23 D 83 1592 1
23 L 0 288 1
23 D 83 288 1
23 L 1 124 1
23 D 83 124 1
23 L 0 14 1
23 D 83 14 1
23 L 0 181 1
23 D 83 181 1
23 L 0 1062 1
23 D 83 1062 1
23 L 0 1839 1
23 D 83 1839 1
23 L 0 958 1
23 D 83 958 1
23 L 0 733 1
23 D 83 733 1
23 L 0 1803 1
23 D 83 1803 1
23 L 0 563 1
23 D 83 563 1
23 L 0 722 1
23 D 83 722 1
23 L 0 814 1
23 D 83 814 1
23 L 0 1339 1
23 D 83 1339 1
23 L 0 976 1
23 D 83 976 1
24 L 0 1744 1
24 D 84 1744 1
24 L 0 823 1
24 D 84 823 1
24 L 1 1075 1
24 D 84 1075 1
24 L 0 500 1
24 D 84 500 1
24 L 0 1047 1
24 D 84 1047 1
24 L 0 1123 1
24 D 84 1123 1
25 L 0 512 1
25 D 85 512 1
25 L 0 1300 1
25 D 85 1300 1
26 L 0 1041 1
26 D 86 1041 1
26 L 0 1672 1
26 D 86 1672 1
26 L 0 1831 1
26 D 86 1831 1
26 L 0 1030 1
26 D 86 1030 1
26 L 0 914 1
26 D 86 914 1
26 L 0 1673 1
26 D 86 1673 1
26 L 0 377 1
26 D 86 377 1
27 L 0 806 1
27 D 87 806 1
27 L 0 1912 1
27 D 87 1912 1
27 L 0 218 1
27 D 87 218 1
27 L 0 1542 1
27 D 87 1542 1
28 L 0 1410 1
28 D 88 1410 1
28 L 0 755 1
28 D 88 755 1
28 L 0 726 1
28 D 88 726 1
28 L 0 623 1
28 D 88 623 1
28 L 1 1524 1
28 D 88 1524 1
28 L 0 1050 1
28 D 88 1050 1
28 L 0 1236 1
28 D 88 1236 1
28 L 1 48 1
28 D 88 48 1
28 L 0 1420 1
28 D 88 1420 1
28 L 3 115 1
28 D 88 115 1
28 L 0 1415 1
28 D 88 1415 1
29 L 1 1689 1
29 D 89 1689 1
29 L 0 727 1
29 D 89 727 1
29 L 0 1127 1
29 D 89 1127 1
29 L 0 612 1
29 D 89 612 1
29 L 0 1172 1
29 D 89 1172 1
29 L 1 1500 1
29 D 89 1500 1
29 L 0 1043 1
29 D 89 1043 1
29 L 0 1716 1
29 D 89 1716 1
29 L 0 1615 1
29 D 89 1615 1
29 L 0 734 1
29 D 89 734 1
29 L 0 654 1
29 D 89 654 1
29 L 0 1414 1
29 D 89 1414 1
29 L 0 362 1
29 D 89 362 1
29 L 0 759 1
29 D 89 759 1
29 L 0 753 1
29 D 89 753 1
29 L 0 50 1
29 D 89 50 1
29 L 0 918 1
29 D 89 918 1
0 L 0 1830 1
0 D 90 1830 1
0 L 0 401 1
0 D 90 401 1
0 L 0 1622 1
0 D 90 1622 1
0 L 0 90 1
0 D 90 90 1
0 L 1 1759 1
0 D 90 1759 1
0 L 0 1555 1
0 D 90 1555 1
1 L 1 1201 1
1 D 91 1201 1
1 L 0 1803 1
1 D 91 1803 1
1 L 0 1528 1
1 D 91 1528 1
2 L 0 1870 1
2 D 92 1870 1
2 L 0 764 1
2 D 92 764 1
2 L 0 1547 1
2 D 92 1547 1
2 L 0 806 1
2 D 92 806 1
2 L 0 1638 1
2 D 92 1638 1
3 L 0 723 1
3 D 93 723 1
3 L 0 1001 1
3 D 93 1001 1
3 L 0 96 1
3 D 93 96 1
3 L 0 673 1
3 D 93 673 1
3 L 0 533 1
3 D 93 533 1
4 L 0 1736 1
4 D 94 1736 1
4 L 0 1640 1
4 D 94 1640 1
4 L 0 1604 1
4 D 94 1604 1
4 L 0 489 1
4 D 94 489 1
4 L 0 859 1
4 D 94 859 1
4 L 0 28 1
4 D 94 28 1
5 L 0 72 1
5 D 95 72 1
5 L 0 487 1
5 D 95 487 1
5 L 0 703 1
5 D 95 703 1
5 L 0 204 1
5 D 95 204 1
5 L 1 1118 1
5 D 95 1118 1
5 L 0 586 1
5 D 95 586 1
6 L 0 1690 1
6 D 96 1690 1
6 L 0 786 1
6 D 96 786 1
6 L 1 1238 1
6 D 96 1238 1
6 L 0 1251 1
6 D 96 1251 1
6 L 0 100 1
6 D 96 100 1
6 L 0 1632 1
6 D 96 1632 1
6 L 0 461 1
6 D 96 461 1
6 L 0 557 1
6 D 96 557 1
6 L 0 169 1
6 D 96 169 1
6 L 0 1289 1
6 D 96 1289 1
6 L 0 1589 1
6 D 96 1589 1
7 L 0 653 1
7 D 97 653 1
7 L 0 1195 1
7 D 97 1195 1
7 L 0 261 1
7 D 97 261 1
7 L 0 1713 1
7 D 97 1713 1
7 L 0 1416 1
7 D 97 1416 1
8 L 0 1257 1
8 D 98 1257 1
8 L 0 719 1
8 D 98 719 1
8 L 0 1629 1
8 D 98 1629 1
8 L 3 1725 1
8 D 98 1725 1
8 L 1 720 1
8 D 98 720 1
8 L 0 1754 1
8 D 98 1754 1
8 L 0 119 1
8 D 98 119 1
9 L 0 853 1
9 D 99 853 1
9 L 0 11 1
9 D 99 11 1
9 L 0 1023 1
9 D 99 1023 1
9 L 0 314 1
9 D 99 314 1
9 L 0 856 1
9 D 99 856 1
10 L 0 1413 1
10 D 100 1413 1
10 L 0 185 1
10 D 100 185 1
10 L 0 18 1
10 D 100 18 1
10 L 0 605 1
10 D 100 605 1
10 L 0 553 1
10 D 100 553 1
10 L 0 534 1
10 D 100 534 1
10 L 0 1712 1
10 D 100 1712 1
10 L 0 741 1
10 D 100 741 1
10 L 0 1130 1
10 D 100 1130 1
10 L 0 887 1
10 D 100 887 1
10 L 0 983 1
10 D 100 983 1
10 L 0 449 1
10 D 100 449 1
11 L 0 186 1
11 D 101 186 1
11 L 0 1341 1
11 D 101 1341 1
11 L 0 808 1
11 D 101 808 1
11 L 0 438 1
11 D 101 438 1
11 L 0 532 1
11 D 101 532 1
11 L 0 985 1
11 D 101 985 1
11 L 0 1299 1
11 D 101 1299 1
12 L 0 1131 1
12 D 102 1131 1
12 L 0 1822 1
12 D 102 1822 1
12 L 3 1273 1
12 D 102 1273 1
12 L 0 660 1
12 D 102 660 1
12 L 0 1446 1
12 D 102 1446 1
12 L 0 1614 1
12 D 102 1614 1
12 L 0 1296 1
12 D 102 1296 1
12 L 0 1148 1
12 D 102 1148 1
12 L 0 1898 1
12 D 102 1898 1
12 L 0 1659 1
12 D 102 1659 1
12 L 0 383 1
12 D 102 383 1
13 L 0 1437 1
13 D 103 1437 1
13 L 0 303 1
13 D 103 303 1
13 L 0 1438 1
13 D 103 1438 1
14 L 0 1184 1
14 D 104 1184 1
14 L 0 563 1
14 D 104 563 1
14 L 0 1593 1
14 D 104 1593 1
14 L 0 1150 1
14 D 104 1150 1
14 L 0 1587 1
14 D 104 1587 1
14 L 0 966 1
14 D 104 966 1
14 L 0 937 1
14 D 104 937 1
14 L 0 1444 1
14 D 104 1444 1
14 L 0 1610 1
14 D 104 1610 1
14 L 0 384 1
14 D 104 384 1
14 L 0 558 1
14 D 104 558 1
14 L 0 1695 1
14 D 104 1695 1
14 L 0 801 1
14 D 104 801 1
14 L 0 63 1
14 D 104 63 1
15 L 0 790 1
15 D 105 790 1
15 L 0 1886 1
15 D 105 1886 1
15 L 0 290 1
15 D 105 290 1
15 L 0 1988 1
15 D 105 1988 1
16 L 0 391 1
16 D 106 391 1
16 L 0 1304 1
16 D 106 1304 1
16 L 1 913 1
16 D 106 913 1
17 L 0 1704 1
17 D 107 1704 1
17 L 0 1357 1
17 D 107 1357 1
18 L 0 1786 1
18 D 108 1786 1
18 L 0 1653 1
18 D 108 1653 1
18 L 0 1313 1
18 D 108 1313 1
18 L 0 1641 1
18 D 108 1641 1
19 L 0 1451 1
19 D 109 1451 1
19 L 0 1241 1
19 D 109 1241 1
19 L 0 1113 1
19 D 109 1113 1
19 L 0 139 1
19 D 109 139 1
19 L 0 1943 1
19 D 109 1943 1
19 L 0 1142 1
19 D 109 1142 1
20 L 0 1106 1
20 D 110 1106 1
20 L 0 1699 1
20 D 110 1699 1
20 L 0 259 1
20 D 110 259 1
20 L 0 1762 1
20 D 110 1762 1
20 L 0 371 1
20 D 110 371 1
20 L 0 563 1
20 D 110 563 1
20 L 0 38 1
20 D 110 38 1
20 L 0 1800 1
20 D 110 1800 1
21 L 0 196 1
21 D 111 196 1
21 L 1 1907 1
21 D 111 1907 1
21 L 0 979 1
21 D 111 979 1
21 L 0 484 1
21 D 111 484 1
21 L 1 1125 1
21 D 111 1125 1
22 L 0 634 1
22 D 112 634 1
22 L 0 290 1
22 D 112 290 1
22 L 0 1863 1
22 D 112 1863 1
23 L 0 1270 1
23 D 113 1270 1
23 L 0 1378 1
23 D 113 1378 1
23 L 0 214 1
23 D 113 214 1
23 L 0 1181 1
23 D 113 1181 1
23 L 0 41 1
23 D 113 41 1
23 L 0 192 1
23 D 113 192 1
24 L 0 1779 1
24 D 114 1779 1
24 L 4 1732 1
24 D 114 1732 1
24 L 0 896 1
24 D 114 896 1
24 L 0 1910 1
24 D 114 1910 1
24 L 0 1474 1
24 D 114 1474 1
24 L 0 1646 1
24 D 114 1646 1
25 L 0 992 1
25 D 115 992 1
26 L 0 289 1
26 D 116 289 1
26 L 0 1010 1
26 D 116 1010 1
26 L 1 31 1
26 D 116 31 1
26 L 4 1734 1
26 D 116 1734 1
26 L 0 54 1
26 D 116 54 1
26 L 0 289 1
26 D 116 289 1
26 L 0 1468 1
26 D 116 1468 1
26 L 0 831 1
26 D 116 831 1
26 L 0 88 1
26 D 116 88 1
26 L 0 774 1
26 D 116 774 1
26 L 0 1508 1
26 D 116 1508 1
26 L 3 436 1
26 D 116 436 1
26 L 1 1661 1
26 D 116 1661 1
26 L 0 270 1
26 D 116 270 1
26 L 0 908 1
26 D 116 908 1
27 L 1 21 1
27 D 117 21 1
27 L 0 239 1
27 D 117 239 1
27 L 0 1305 1
27 D 117 1305 1
28 L 1 1026 1
28 D 118 1026 1
28 L 0 1479 1
28 D 118 1479 1
28 L 0 1527 1
28 D 118 1527 1
28 L 0 374 1
28 D 118 374 1
28 L 0 782 1
28 D 118 782 1
28 L 1 770 1
28 D 118 770 1
28 L 0 1626 1
28 D 118 1626 1
28 L 0 1859 1
28 D 118 1859 1
28 L 0 971 1
28 D 118 971 1
28 L 0 885 1
28 D 118 885 1
28 L 0 1141 1
28 D 118 1141 1
28 L 0 193 1
28 D 118 193 1
28 L 0 386 1
28 D 118 386 1
29 L 2 1027 1
29 D 119 1027 1
29 L 0 1580 1
29 D 119 1580 1
29 L 0 1395 1
29 D 119 1395 1
29 L 0 1043 1
29 D 119 1043 1
29 L 0 360 1
29 D 119 360 1
0 L 0 151 1
0 D 120 151 1
0 L 0 237 1
0 D 120 237 1
0 L 0 1020 1
0 D 120 1020 1
0 L 0 688 1
0 D 120 688 1
0 L 1 807 1
0 D 120 807 1
0 L 0 513 1
0 D 120 513 1
0 L 0 1464 1
0 D 120 1464 1
0 L 0 1443 1
0 D 120 1443 1
0 L 0 1617 1
0 D 120 1617 1
0 L 0 1956 1
0 D 120 1956 1
0 L 0 638 1
0 D 120 638 1
0 L 0 1091 1
0 D 120 1091 1
0 L 0 1486 1
0 D 120 1486 1
0 L 1 897 1
0 D 120 897 1
0 L 0 1550 1
0 D 120 1550 1
0 L 5 33 1
0 D 120 33 1
0 L 0 1956 1
0 D 120 1956 1
1 L 0 750 1
1 D 121 750 1
1 L 0 362 1
1 D 121 362 1
1 L 0 590 1
1 D 121 590 1
1 L 0 419 1
1 D 121 419 1
1 L 0 789 1
1 D 121 789 1
2 L 0 856 1
2 D 122 856 1
2 L 0 1846 1
2 D 122 1846 1
2 L 0 122 1
2 D 122 122 1
2 L 0 19 1
2 D 122 19 1
2 L 0 664 1
2 D 122 664 1
2 L 0 1658 1
2 D 122 1658 1
2 L 0 1467 1
2 D 122 1467 1
2 L 0 373 1
2 D 122 373 1
2 L 0 36 1
2 D 122 36 1
3 L 0 157 1
3 D 123 157 1
3 L 0 1747 1
3 D 123 1747 1
4 L 0 1356 1
4 D 124 1356 1
4 L 0 1147 1
4 D 124 1147 1
4 L 0 68 1
4 D 124 68 1
4 L 0 1639 1
4 D 124 1639 1
4 L 0 43 1
4 D 124 43 1
4 L 0 988 1
4 D 124 988 1
4 L 0 1054 1
4 D 124 1054 1
4 L 0 1548 1
4 D 124 1548 1
5 L 0 992 1
5 D 125 992 1
5 L 0 1259 1
5 D 125 1259 1
5 L 0 922 1
5 D 125 922 1
5 L 0 1204 1
5 D 125 1204 1
5 L 0 900 1
5 D 125 900 1
5 L 0 1331 1
5 D 125 1331 1
5 L 0 284 1
5 D 125 284 1
5 L 0 1580 1
5 D 125 1580 1
5 L 0 1327 1
5 D 125 1327 1
5 L 0 1443 1
5 D 125 1443 1
6 L 0 147 1
6 D 126 147 1
6 L 0 1368 1
6 D 126 1368 1
6 L 0 1916 1
6 D 126 1916 1
6 L 0 422 1
6 D 126 422 1
7 L 0 1537 1
7 D 127 1537 1
7 L 0 885 1
7 D 127 885 1
7 L 0 308 1
7 D 127 308 1
7 L 0 989 1
7 D 127 989 1
7 L 0 1488 1
7 D 127 1488 1
7 L 0 857 1
7 D 127 857 1
7 L 0 680 1
7 D 127 680 1
7 L 0 591 1
7 D 127 591 1
7 L 0 769 1
7 D 127 769 1
7 L 0 1820 1
7 D 127 1820 1
7 L 0 1594 1
7 D 127 1594 1
7 L 0 786 1
7 D 127 786 1
8 L 0 764 1
8 D 128 764 1
8 L 0 214 1
8 D 128 214 1
8 L 0 770 1
8 D 128 770 1
8 L 0 1641 1
8 D 128 1641 1
8 L 0 1598 1
8 D 128 1598 1
8 L 0 1654 1
8 D 128 1654 1
8 L 0 727 1
8 D 128 727 1
9 L 0 736 1
9 D 129 736 1
9 L 0 1025 1
9 D 129 1025 1
9 L 0 1166 1
9 D 129 1166 1
10 L 0 1163 1
10 D 130 1163 1
10 L 0 1383 1
10 D 130 1383 1
10 L 0 557 1
10 D 130 557 1
10 L 0 1392 1
10 D 130 1392 1
10 L 0 825 1
10 D 130 825 1
10 L 0 50 1
10 D 130 50 1
10 L 0 157 1
10 D 130 157 1
11 L 0 1444 1
11 D 131 1444 1
11 L 0 83 1
11 D 131 83 1
11 L 0 86 1
11 D 131 86 1
11 L 0 1541 1
11 D 131 1541 1
11 L 1 230 1
11 D 131 230 1
11 L 0 762 1
11 D 131 762 1
11 L 0 1927 1
11 D 131 1927 1
12 L 0 476 1
12 D 132 476 1
12 L 0 704 1
12 D 132 704 1
12 L 0 971 1
12 D 132 971 1
12 L 0 723 1
12 D 132 723 1
13 L 2 1192 1
13 D 133 1192 1
13 L 0 1619 1
13 D 133 1619 1
13 L 0 180 1
13 D 133 180 1
13 L 0 1740 1
13 D 133 1740 1
13 L 0 283 1
13 D 133 283 1
13 L 0 1137 1
13 D 133 1137 1
13 L 0 153 1
13 D 133 153 1
13 L 0 843 1
13 D 133 843 1
13 L 0 1542 1
13 D 133 1542 1
14 L 0 650 1
14 D 134 650 1
14 L 0 401 1
14 D 134 401 1
14 L 0 1853 1
14 D 134 1853 1
14 L 0 931 1
14 D 134 931 1
14 L 0 1589 1
14 D 134 1589 1
14 L 0 1837 1
14 D 134 1837 1
14 L 0 1476 1
14 D 134 1476 1
14 L 0 779 1
14 D 134 779 1
15 L 1 571 1
15 D 135 571 1
15 L 0 163 1
15 D 135 163 1
15 L 0 1290 1
15 D 135 1290 1
15 L 0 1363 1
15 D 135 1363 1
15 L 0 1843 1
15 D 135 1843 1
15 L 0 805 1
15 D 135 805 1
16 L 0 1258 1
16 D 136 1258 1
16 L 0 904 1
16 D 136 904 1
16 L 0 499 1
16 D 136 499 1
16 L 0 597 1
16 D 136 597 1
16 L 1 1057 1
16 D 136 1057 1
16 L 0 500 1
16 D 136 500 1
16 L 0 1411 1
16 D 136 1411 1
16 L 1 417 1
16 D 136 417 1
16 L 0 1899 1
16 D 136 1899 1
16 L 0 1048 1
16 D 136 1048 1
17 L 0 1839 1
17 D 137 1839 1
17 L 0 1771 1
17 D 137 1771 1
17 L 0 438 1
17 D 137 438 1
17 L 0 1106 1
17 D 137 1106 1
17 L 0 199 1
17 D 137 199 1
18 L 0 734 1
18 D 138 734 1
18 L 0 1105 1
18 D 138 1105 1
18 L 0 1092 1
18 D 138 1092 1
18 L 0 1584 1
18 D 138 1584 1
18 L 0 1831 1
18 D 138 1831 1
18 L 0 1003 1
18 D 138 1003 1
18 L 0 1537 1
18 D 138 1537 1
18 L 0 270 1
18 D 138 270 1
18 L 0 1256 1
18 D 138 1256 1
18 L 0 453 1
18 D 138 453 1
18 L 0 1167 1
18 D 138 1167 1
18 L 0 1779 1
18 D 138 1779 1
18 L 0 1214 1
18 D 138 1214 1
18 L 0 805 1
18 D 138 805 1
19 L 0 1779 1
19 D 139 1779 1
19 L 0 172 1
19 D 139 172 1
19 L 0 159 1
19 D 139 159 1
20 L 0 849 1
20 D 140 849 1
20 L 1 724 1
20 D 140 724 1
20 L 0 1484 1
20 D 140 1484 1
20 L 0 747 1
20 D 140 747 1
20 L 0 920 1
20 D 140 920 1
20 L 0 86 1
20 D 140 86 1
20 L 0 1331 1
20 D 140 1331 1
20 L 0 1627 1
20 D 140 1627 1
20 L 0 1144 1
20 D 140 1144 1
20 L 0 1082 1
20 D 140 1082 1
20 L 0 1864 1
20 D 140 1864 1
21 L 0 1929 1
21 D 141 1929 1
21 L 0 1890 1
21 D 141 1890 1
21 L 0 1495 1
21 D 141 1495 1
22 L 1 1627 1
22 D 142 1627 1
22 L 0 919 1
22 D 142 919 1
22 L 0 520 1
22 D 142 520 1
22 L 0 1034 1
22 D 142 1034 1
22 L 0 1630 1
22 D 142 1630 1
22 L 0 183 1
22 D 142 183 1
22 L 0 1905 1
22 D 142 1905 1
22 L 0 1392 1
22 D 142 1392 1
22 L 0 161 1
22 D 142 161 1
22 L 0 795 1
22 D 142 795 1
22 L 0 1962 1
22 D 142 1962 1
22 L 0 16 1
22 D 142 16 1
22 L 0 1559 1
22 D 142 1559 1
22 L 0 1052 1
22 D 142 1052 1
22 L 0 1737 1
22 D 142 1737 1
22 L 0 1033 1
22 D 142 1033 1
23 L 0 31 1
23 D 143 31 1
23 L 0 58 1
23 D 143 58 1
23 L 0 459 1
23 D 143 459 1
23 L 1 247 1
23 D 143 247 1
23 L 0 676 1
23 D 143 676 1
23 L 0 367 1
23 D 143 367 1
23 L 0 1877 1
23 D 143 1877 1
23 L 0 1203 1
23 D 143 1203 1
23 L 0 694 1
23 D 143 694 1
23 L 0 141 1
23 D 143 141 1
23 L 1 705 1
23 D 143 705 1
23 L 0 834 1
23 D 143 834 1
23 L 0 1149 1
23 D 143 1149 1
23 L 0 551 1
23 D 143 551 1
23 L 0 1035 1
23 D 143 1035 1
23 L 0 1618 1
23 D 143 1618 1
23 L 0 335 1
23 D 143 335 1
23 L 0 227 1
23 D 143 227 1
24 L 0 1476 1
24 D 144 1476 1
24 L 0 1449 1
24 D 144 1449 1
24 L 0 8 1
24 D 144 8 1
25 L 0 54 1
25 D 145 54 1
25 L 0 1443 1
25 D 145 1443 1
25 L 0 1063 1
25 D 145 1063 1
25 L 0 1246 1
25 D 145 1246 1
25 L 0 205 1
25 D 145 205 1
25 L 0 920 1
25 D 145 920 1
25 L 0 935 1
25 D 145 935 1
26 L 0 252 1
26 D 146 252 1
26 L 0 335 1
26 D 146 335 1
26 L 0 270 1
26 D 146 270 1
26 L 0 764 1
26 D 146 764 1
27 L 0 1256 1
27 D 147 1256 1
27 L 0 442 1
27 D 147 442 1
27 L 0 1769 1
27 D 147 1769 1
27 L 1 288 1
27 D 147 288 1
27 L 0 1864 1
27 D 147 1864 1
27 L 0 537 1
27 D 147 537 1
27 L 1 1621 1
27 D 147 1621 1
27 L 0 1961 1
27 D 147 1961 1
27 L 0 1592 1
27 D 147 1592 1
28 L 0 1644 1
28 D 148 1644 1
28 L 0 1962 1
28 D 148 1962 1
28 L 0 15 1
28 D 148 15 1
28 L 0 1589 1
28 D 148 1589 1
28 L 0 296 1
28 D 148 296 1
28 L 0 1238 1
28 D 148 1238 1
29 L 0 10 1
29 D 149 10 1
29 L 0 1897 1
29 D 149 1897 1
29 L 0 1981 1
29 D 149 1981 1
29 L 0 756 1
29 D 149 756 1
29 L 0 1820 1
29 D 149 1820 1
29 L 0 924 1
29 D 149 924 1
29 L 0 370 1
29 D 149 370 1
29 L 1 648 1
29 D 149 648 1
29 L 0 1796 1
29 D 149 1796 1
29 L 2 232 1
29 D 149 232 1
29 L 0 851 1
29 D 149 851 1
29 L 0 1338 1
29 D 149 1338 1
29 L 0 193 1
29 D 149 193 1
0 L 0 1518 1
0 D 150 1518 1
0 L 0 1736 1
0 D 150 1736 1
0 L 2 457 1
0 D 150 457 1
0 L 6 33 1
0 D 150 33 1
0 L 0 214 1
0 D 150 214 1
0 L 0 434 1
0 D 150 434 1
0 L 1 945 1
0 D 150 945 1
0 L 0 1517 1
0 D 150 1517 1
0 L 0 1798 1
0 D 150 1798 1
0 L 0 99 1
0 D 150 99 1
1 L 0 1825 1
1 D 151 1825 1
1 L 0 1593 1
1 D 151 1593 1
1 L 0 1039 1
1 D 151 1039 1
1 L 1 420 1
1 D 151 420 1
1 L 0 1514 1
1 D 151 1514 1
1 L 0 1910 1
1 D 151 1910 1
1 L 0 1927 1
1 D 151 1927 1
1 L 0 247 1
1 D 151 247 1
1 L 0 521 1
1 D 151 521 1
1 L 0 803 1
1 D 151 803 1
1 L 0 398 1
1 D 151 398 1
1 L 0 623 1
1 D 151 623 1
2 L 0 372 1
2 D 152 372 1
2 L 0 1177 1
2 D 152 1177 1
3 L 1 1127 1
3 D 153 1127 1
3 L 0 966 1
3 D 153 966 1
3 L 0 1817 1
3 D 153 1817 1
3 L 0 631 1
3 D 153 631 1
3 L 0 772 1
3 D 153 772 1
3 L 0 1820 1
3 D 153 1820 1
3 L 0 395 1
3 D 153 395 1
3 L 0 667 1
3 D 153 667 1
3 L 0 123 1
3 D 153 123 1
3 L 0 1290 1
3 D 153 1290 1
3 L 0 34 1
3 D 153 34 1
3 L 2 956 1
3 D 153 956 1
4 L 0 567 1
4 D 154 567 1
4 L 0 1690 1
4 D 154 1690 1
4 L 0 1540 1
4 D 154 1540 1
4 L 0 696 1
4 D 154 696 1
4 L 0 1753 1
4 D 154 1753 1
4 L 0 316 1
4 D 154 316 1
4 L 1 1915 1
4 D 154 1915 1
5 L 0 1464 1
5 D 155 1464 1
5 L 0 1078 1
5 D 155 1078 1
5 L 0 1342 1
5 D 155 1342 1
5 L 4 232 1
5 D 155 232 1
5 L 0 1348 1
5 D 155 1348 1
5 L 0 283 1
5 D 155 283 1
5 L 0 443 1
5 D 155 443 1
5 L 0 1468 1
5 D 155 1468 1
5 L 0 1255 1
5 D 155 1255 1
5 L 0 474 1
5 D 155 474 1
6 L 1 666 1
6 D 156 666 1
6 L 0 490 1
6 D 156 490 1
6 L 0 1013 1
6 D 156 1013 1
6 L 1 251 1
6 D 156 251 1
6 L 0 1191 1
6 D 156 1191 1
6 L 0 1165 1
6 D 156 1165 1
6 L 0 1925 1
6 D 156 1925 1
6 L 1 1370 1
6 D 156 1370 1
6 L 0 1404 1
6 D 156 1404 1
6 L 0 677 1
6 D 156 677 1
6 L 0 1413 1
6 D 156 1413 1
7 L 0 488 1
7 D 157 488 1
7 L 0 901 1
7 D 157 901 1
7 L 0 459 1
7 D 157 459 1
8 L 1 944 1
8 D 158 944 1
8 L 0 1985 1
8 D 158 1985 1
8 L 0 1638 1
8 D 158 1638 1
8 L 0 834 1
8 D 158 834 1
8 L 0 1544 1
8 D 158 1544 1
8 L 0 896 1
8 D 158 896 1
8 L 0 1499 1
8 D 158 1499 1
8 L 0 10 1
8 D 158 10 1
8 L 0 382 1
8 D 158 382 1
8 L 0 312 1
8 D 158 312 1
8 L 0 1311 1
8 D 158 1311 1
8 L 0 1202 1
8 D 158 1202 1
8 L 0 1807 1
8 D 158 1807 1
8 L 0 931 1
8 D 158 931 1
8 L 0 711 1
8 D 158 711 1
9 L 0 343 1
9 D 159 343 1
9 L 0 1054 1
9 D 159 1054 1
9 L 0 1644 1
9 D 159 1644 1
9 L 0 1886 1
9 D 159 1886 1
9 L 2 1181 1
9 D 159 1181 1
10 L 0 1444 1
10 D 160 1444 1
10 L 0 2 1
10 D 160 2 1
10 L 0 1419 1
10 D 160 1419 1
10 L 0 1190 1
10 D 160 1190 1
10 L 0 1704 1
10 D 160 1704 1
10 L 0 39 1
10 D 160 39 1
10 L 0 673 1
10 D 160 673 1
10 L 0 916 1
10 D 160 916 1
10 L 0 1466 1
10 D 160 1466 1
10 L 0 1382 1
10 D 160 1382 1
10 L 0 605 1
10 D 160 605 1
10 L 0 678 1
10 D 160 678 1
10 L 0 1410 1
10 D 160 1410 1
10 L 0 338 1
10 D 160 338 1
10 L 1 893 1
10 D 160 893 1
10 L 0 941 1
10 D 160 941 1
11 L 1 490 1
11 D 161 490 1
11 L 0 610 1
11 D 161 610 1
11 L 0 756 1
11 D 161 756 1
11 L 0 1559 1
11 D 161 1559 1
11 L 0 919 1
11 D 161 919 1
11 L 0 1903 1
11 D 161 1903 1
11 L 0 1220 1
11 D 161 1220 1
11 L 0 857 1
11 D 161 857 1
12 L 0 99 1
12 D 162 99 1
12 L 0 1371 1
12 D 162 1371 1
12 L 5 351 1
12 D 162 351 1
12 L 2 1272 1
12 D 162 1272 1
12 L 0 930 1
12 D 162 930 1
13 L 2 521 1
13 D 163 521 1
13 L 0 1988 1
13 D 163 1988 1
13 L 0 1305 1
13 D 163 1305 1
13 L 0 1982 1
13 D 163 1982 1
13 L 0 823 1
13 D 163 823 1
13 L 0 235 1
13 D 163 235 1
13 L 0 713 1
13 D 163 713 1
13 L 0 688 1
13 D 163 688 1
13 L 0 1457 1
13 D 163 1457 1
13 L 0 116 1
13 D 163 116 1
13 L 0 1843 1
13 D 163 1843 1
13 L 0 195 1
13 D 163 195 1
14 L 0 277 1
14 D 164 277 1
14 L 0 392 1
14 D 164 392 1
14 L 0 534 1
14 D 164 534 1
14 L 0 1764 1
14 D 164 1764 1
14 L 0 922 1
14 D 164 922 1
14 L 0 841 1
14 D 164 841 1
14 L 0 1309 1
14 D 164 1309 1
14 L 0 384 1
14 D 164 384 1
14 L 0 1292 1
14 D 164 1292 1
14 L 0 1489 1
14 D 164 1489 1
15 L 1 1267 1
15 D 165 1267 1
15 L 0 634 1
15 D 165 634 1
15 L 0 1404 1
15 D 165 1404 1
15 L 0 1965 1
15 D 165 1965 1
15 L 0 1550 1
15 D 165 1550 1
15 L 0 768 1
15 D 165 768 1
15 L 0 614 1
15 D 165 614 1
15 L 0 1021 1
15 D 165 1021 1
15 L 0 1243 1
15 D 165 1243 1
15 L 0 523 1
15 D 165 523 1
15 L 0 481 1
15 D 165 481 1
15 L 0 28 1
15 D 165 28 1
15 L 0 571 1
15 D 165 571 1
15 L 0 1093 1
15 D 165 1093 1
15 L 0 1019 1
15 D 165 1019 1
15 L 0 1063 1
15 D 165 1063 1
15 L 0 943 1
15 D 165 943 1
16 L 0 994 1
16 D 166 994 1
16 L 0 453 1
16 D 166 453 1
16 L 0 722 1
16 D 166 722 1
16 L 0 1616 1
16 D 166 1616 1
16 L 0 396 1
16 D 166 396 1
16 L 0 153 1
16 D 166 153 1
16 L 0 1475 1
16 D 166 1475 1
16 L 0 649 1
16 D 166 649 1
16 L 0 1135 1
16 D 166 1135 1
16 L 1 1655 1
16 D 166 1655 1
16 L 0 1602 1
16 D 166 1602 1
16 L 1 1186 1
16 D 166 1186 1
17 L 0 1277 1
17 D 167 1277 1
17 L 0 541 1
17 D 167 541 1
17 L 0 1939 1
17 D 167 1939 1
17 L 1 1439 1
17 D 167 1439 1
18 L 0 787 1
18 D 168 787 1
18 L 0 1731 1
18 D 168 1731 1
18 L 0 349 1
18 D 168 349 1
18 L 0 1830 1
18 D 168 1830 1
18 L 0 424 1
18 D 168 424 1
18 L 0 922 1
18 D 168 922 1
18 L 2 363 1
18 D 168 363 1
18 L 0 713 1
18 D 168 713 1
18 L 0 113 1
18 D 168 113 1
18 L 0 1765 1
18 D 168 1765 1
19 L 0 141 1
19 D 169 141 1
19 L 0 1120 1
19 D 169 1120 1
19 L 0 1342 1
19 D 169 1342 1
19 L 0 1049 1
19 D 169 1049 1
19 L 0 827 1
19 D 169 827 1
20 L 0 49 1
20 D 170 49 1
20 L 0 1097 1
20 D 170 1097 1
20 L 0 66 1
20 D 170 66 1
20 L 0 629 1
20 D 170 629 1
20 L 0 367 1
20 D 170 367 1
20 L 0 270 1
20 D 170 270 1
20 L 0 1991 1
20 D 170 1991 1
20 L 0 1457 1
20 D 170 1457 1
20 L 0 537 1
20 D 170 537 1
20 L 1 1111 1
20 D 170 1111 1
20 L 0 1783 1
20 D 170 1783 1
21 L 0 484 1
21 D 171 484 1
21 L 0 531 1
21 D 171 531 1
22 L 0 731 1
22 D 172 731 1
22 L 0 1854 1
22 D 172 1854 1
22 L 0 270 1
22 D 172 270 1
22 L 0 31 1
22 D 172 31 1
23 L 0 246 1
23 D 173 246 1
23 L 0 364 1
23 D 173 364 1
23 L 0 1958 1
23 D 173 1958 1
23 L 1 1558 1
23 D 173 1558 1
23 L 0 1941 1
23 D 173 1941 1
23 L 0 658 1
23 D 173 658 1
23 L 1 801 1
23 D 173 801 1
23 L 0 1741 1
23 D 173 1741 1
23 L 0 1882 1
23 D 173 1882 1
23 L 0 517 1
23 D 173 517 1
23 L 0 1104 1
23 D 173 1104 1
24 L 0 921 1
24 D 174 921 1
24 L 1 1612 1
24 D 174 1612 1
24 L 0 1623 1
24 D 174 1623 1
24 L 0 1873 1
24 D 174 1873 1
24 L 0 1782 1
24 D 174 1782 1
24 L 1 1321 1
24 D 174 1321 1
24 L 0 1056 1
24 D 174 1056 1
24 L 0 1359 1
24 D 174 1359 1
24 L 0 85 1
24 D 174 85 1
24 L 0 31 1
24 D 174 31 1
24 L 0 1031 1
24 D 174 1031 1
24 L 0 499 1
24 D 174 499 1
25 L 1 95 1
25 D 175 95 1
25 L 0 409 1
25 D 175 409 1
25 L 0 975 1
25 D 175 975 1
26 L 0 1003 1
26 D 176 1003 1
26 L 0 553 1
26 D 176 553 1
26 L 0 1313 1
26 D 176 1313 1
27 L 0 1747 1
27 D 177 1747 1
27 L 0 1905 1
27 D 177 1905 1
27 L 1 539 1
27 D 177 539 1
27 L 0 1326 1
27 D 177 1326 1
27 L 0 1450 1
27 D 177 1450 1
27 L 0 214 1
27 D 177 214 1
27 L 0 963 1
27 D 177 963 1
27 L 0 1393 1
27 D 177 1393 1
27 L 0 130 1
27 D 177 130 1
27 L 0 1645 1
27 D 177 1645 1
27 L 0 1167 1
27 D 177 1167 1
27 L 0 1270 1
27 D 177 1270 1
27 L 2 291 1
27 D 177 291 1
27 L 0 671 1
27 D 177 671 1
28 L 0 327 1
28 D 178 327 1
28 L 0 1696 1
28 D 178 1696 1
28 L 0 659 1
28 D 178 659 1
28 L 0 43 1
28 D 178 43 1
28 L 0 840 1
28 D 178 840 1
28 L 1 961 1
28 D 178 961 1
29 L 0 1444 1
29 D 179 1444 1
29 L 0 1133 1
29 D 179 1133 1
29 L 0 948 1
29 D 179 948 1
29 L 2 1456 1
29 D 179 1456 1
29 L 0 97 1
29 D 179 97 1
29 L 0 1433 1
29 D 179 1433 1
29 L 0 1762 1
29 D 179 1762 1
29 L 0 86 1
29 D 179 86 1
29 L 0 66 1
29 D 179 66 1
29 L 0 145 1
29 D 179 145 1
29 L 0 112 1
29 D 179 112 1
29 L 0 1034 1
29 D 179 1034 1
29 L 0 587 1
29 D 179 587 1
29 L 0 1062 1
29 D 179 1062 1
29 L 2 1972 1
29 D 179 1972 1
